100 100 100 100 100 100 100 100 100 100 100 100 100 100 100 100 100 100 100 100 100 100 100 100 100 100 100 100 100 100 
The quality loss is:0.0%
39.296186544155674 41.41887483344121 37.22429164326984 39.49977368398067 34.407292235524494 39.17709710613262 38.521577335617245 39.25214017183609 38.96622998521277 39.52689180232114 38.505837101142845 37.06207008116998 37.87698661959507 38.24018257675305 36.68447717315672 37.835700847198936 37.067124803521054 38.356995575115256 39.186771356207444 37.60224791692778 23.952821571146615 33.60319137267187 34.3516262356308 36.57413518983812 23.808709588519985 34.266074083430354 38.05742770540911 24.376601104796652 39.586094567091536 27.285444674746422 
The quality loss is:13.333333333333334%
100 100 100 100 100 100 100 100 100 100 100 100 100 100 100 100 100 100 100 100 100 100 100 100 100 100 100 100 100 100 
The quality loss is:0.0%
39.49083885046367 41.37351778791565 36.32156633007776 39.34459661178352 34.72226932988613 39.29757710436042 38.74023145141672 38.71184728911905 39.01369704971386 39.50503426894045 37.13466970660289 37.386974019624326 39.129690141592384 38.23872643882879 37.1472870254049 37.38477374371713 37.12979852697368 37.0693116917358 39.17692155407506 35.3292809343233 23.663649995782162 34.39748630111446 35.753738056880536 37.28618309350162 23.135787837652877 34.00311139114413 36.665192901699854 24.190804625359092 39.63383204356171 26.857872392979736 
The quality loss is:13.333333333333334%
28.357482775937232 29.41800919668615 26.59921504765937 27.381856424680528 25.595619418860377 28.58618535849809 29.712887632836292 27.23457165723495 26.624566140296366 27.455682452665005 27.36205429722365 27.19066559820938 28.34007143598498 27.296589454426766 27.51926875445548 27.608061336430154 28.37065444556188 28.47197542614209 26.723188024217936 26.974133257775577 20.389029071117783 25.768200430288758 25.66793303137434 26.10272134564971 19.951171707990845 26.44256700047416 27.331350641034362 19.613261019233484 28.07673334722784 21.291744739227273 
The quality loss is:100.0%
39.35593902979257 41.4169912173336 35.82536111546268 39.388802760484424 34.80118538081854 39.252775972675906 37.671767968457736 38.471265288041835 38.97345379859625 39.930889261455114 38.92522619467728 37.385526845835514 38.44060217087807 38.2317206620568 36.022371046694836 37.383786025977734 37.001093211361436 37.871310386377985 39.101194897500406 35.38359344439573 23.493877366518472 34.51918515828612 35.3138038503592 36.43276359706682 23.19623650046273 34.262725241815616 38.01584019315602 24.086077673734835 39.56780548568709 26.00202379081444 
The quality loss is:13.333333333333334%
100 100 100 100 100 100 100 100 100 100 100 100 100 100 100 100 100 100 100 100 100 100 100 100 100 100 100 100 100 100 
The quality loss is:0.0%
40.14640815386197 41.37218858556399 37.281112291866464 39.346580906204814 34.505507647059694 39.392960289247156 38.03107596258085 39.39631169785329 38.97447372389162 39.51884232511307 37.750809095746234 37.55111058385591 37.83541166558957 38.2388286418505 35.773739337545535 38.55144034376085 37.517285227458046 39.498869853634815 39.184595004491406 35.475751234759 24.231987350513226 34.67671274565022 34.88691861140292 36.700463990928995 23.925418296789168 34.559112522779 37.82031142149633 24.33735373288252 39.599128643644995 27.40222733092142 
The quality loss is:13.333333333333334%
100 100 100 100 100 100 100 100 100 100 100 100 100 100 100 100 100 100 100 100 100 100 100 100 100 100 100 100 100 100 
The quality loss is:0.0%
100 100 100 100 100 100 100 100 100 100 100 100 100 100 100 100 100 100 100 100 100 100 100 100 100 100 100 100 100 100 
The quality loss is:0.0%
46.14854636872339 48.782350866565466 44.61351092402508 46.89967628344395 40.74239708004554 46.35023493952609 43.75628841013358 45.99273207753059 46.23368890046088 45.53023926038955 45.42888931396569 43.16130819637287 49.74284840438099 44.15850448344602 42.326205409820716 45.01573664929224 43.60426080171948 45.45961343764856 46.782231314316014 43.58115971245592 24.457731104738407 38.59796105341495 40.092429452610446 42.72308433415696 24.30756659849888 38.72096237748434 44.187867891826514 24.86607418544981 46.86459070585641 28.049740776783082 
The quality loss is:13.333333333333334%
100 100 100 100 100 100 100 100 100 100 100 100 100 100 100 100 100 100 100 100 100 100 100 100 100 100 100 100 100 100 
The quality loss is:0.0%
46.728816997250206 48.791930495295276 44.21638081600839 46.79359204149402 39.96059577850617 47.20524596406938 43.100222865621504 45.98959577226854 46.47146202081517 45.527162439600374 43.74597698699753 43.16102970747677 44.96436486492523 44.15142609410459 42.32965974426573 44.52992810076495 42.228125168251154 43.41869746766754 46.77506204721641 39.65026019280396 24.139795008935693 39.965351060653106 41.61955245114087 45.54933051865773 23.500753518257554 40.64763619514093 44.172974785069954 24.657824781283416 47.35562978032356 27.540240766112888 
The quality loss is:13.333333333333334%
37.459310686817204 39.13086412791253 33.979113112872156 37.01673050498787 32.74857056559058 37.153540993557215 35.741980126870104 36.548796520870546 36.65054426569293 37.228436790010804 35.8538052616559 35.90550205372003 34.59501313215017 35.06985866120567 34.58534057406803 35.01361968475623 35.14806229353253 36.014347143708186 36.811877469380015 33.89698684444446 22.557013059314993 32.473913620199404 33.160018042018145 34.729725528020666 22.078269231707797 32.22622543066907 35.50974499101975 22.744253574273117 37.29665879703829 25.477807334677046 
The quality loss is:13.333333333333334%
46.85490966187733 48.78077859889535 42.20031918003036 46.19419750181159 41.17600873367513 46.41702621445285 43.097194679879536 44.78463869711963 46.46827865530394 47.54164961442528 48.205916944525214 43.8551349240198 41.293245829930854 45.26189022403071 41.81687363272154 44.0980937890608 41.785069946871054 43.40394631621883 46.766959591450934 38.938140972735994 23.98585739277887 39.73767070766806 40.36065929019405 43.114298168641064 23.507780679190105 40.63717835719327 43.28735960106876 24.495049666168676 47.09894285250758 26.436658541309427 
The quality loss is:13.333333333333334%
100 100 100 100 100 100 100 100 100 100 100 100 100 100 100 100 100 100 100 100 100 100 100 100 100 100 100 100 100 100 
The quality loss is:0.0%
47.836829797710514 48.78110023493406 45.02659451029722 46.10273869621373 39.61355345423083 46.7927846917558 43.74966826197347 45.98218290846516 46.23552318410576 46.42140350884213 42.50037348986978 44.68243845245596 44.960622598197986 45.93442144177685 40.209183065691136 47.744359505565576 42.47530370444216 43.388817164033576 46.774271988587266 39.65169263989734 24.82564587142994 40.57283383938966 41.446011766060515 43.11609199432724 24.33379251365693 38.73258979344848 46.70482838254131 24.859583931552397 47.096173140518246 28.103204955304292 
The quality loss is:13.333333333333334%
100 100 100 100 100 100 100 100 100 100 100 100 100 100 100 100 100 100 100 100 100 100 100 100 100 100 100 100 100 100 
The quality loss is:0.0%
100 100 100 100 100 100 100 100 100 100 100 100 100 100 100 100 100 100 100 100 100 100 100 100 100 100 100 100 100 100 
The quality loss is:0.0%
50.687063206307705 51.89771068315583 51.57977660817971 50.12166480231485 43.89358116922252 50.14138626511227 47.63862873191064 49.81829665792791 51.00090368163296 52.76376905187715 52.944220231725076 45.47524776644878 51.44833269275484 51.36913356415753 45.317513352383486 47.30324006912479 47.65766190069863 52.05338366046833 51.73116180237628 47.68440579890347 39.45569030789827 43.04297786370532 44.75674260583424 47.89099061541507 41.36252151485883 42.5688436554793 48.476794562214096 41.76189719869178 49.85028112244849 44.860905917220215 
The quality loss is:0.0%
100 100 100 100 100 100 100 100 100 100 100 100 100 100 100 100 100 100 100 100 100 100 100 100 100 100 100 100 100 100 
The quality loss is:0.0%
50.68809790323095 51.90819705968231 49.9171463171683 50.615486656786345 44.87939427854521 49.66405551263043 45.59791377042494 49.81404674440587 51.00121381368042 49.78760942227836 47.257206435335284 46.74979304145454 51.46104589162513 47.97262984781649 44.34266866231638 46.51343781720715 44.75836298170134 46.28496797629012 51.731371820098964 46.278496493873824 40.258183173870805 44.09867902957803 44.39701189545089 48.57045549290401 41.83847190589933 45.03452848950873 46.44039860989494 43.74385624569086 50.89003378076393 44.36422310639301 
The quality loss is:0.0%
45.79844117797377 47.78305234633567 40.446107276161236 45.85916743583989 37.84318028113601 45.26630650688234 41.69453068591734 43.82509034945241 45.61738040619688 45.44792077143644 42.36175240958626 42.96045404249754 41.14665129205036 41.55558798324507 41.623022208667884 42.00498185027356 42.702922025993345 43.03750135254023 46.12174194406478 38.42808112406435 23.084338457123614 38.03066608674407 40.530362405011 42.23616336573475 22.514912820743497 36.7584878905061 41.009613861364 23.376947161729618 45.931686492521095 26.234808255548078 
The quality loss is:13.333333333333334%
51.73357205795996 51.89667380430696 49.92699410074376 50.609998866127135 42.40499159535425 49.22560951493562 46.17716686321386 49.809593981650536 50.99643596090022 52.77254314721751 52.93034643599182 48.544527450685315 45.46808621351822 47.976004700136215 45.318018954453876 45.27082902995022 45.70127143607201 46.278891664946975 51.72158179886402 44.77432482229055 40.25908847836689 43.53597427104078 44.39513500520887 50.34730917362517 42.98890013619488 41.00261262783276 45.053798613243934 42.450340110405335 50.603432060173404 45.426765226350774 
The quality loss is:0.0%
100 100 100 100 100 100 100 100 100 100 100 100 100 100 100 100 100 100 100 100 100 100 100 100 100 100 100 100 100 100 
The quality loss is:0.0%
51.738652857359114 51.90716509778206 48.72809494511601 50.3594553773506 43.08384140572926 49.81644372447566 46.847618836082304 51.9663960292251 51.006007634951786 52.751068160932206 44.877544973756386 48.54837687851854 45.45738843779846 51.38474332587754 43.19509284384213 49.510184680576074 45.7021199160628 46.28222278290053 51.74342985121151 44.775160361754644 40.56385897887981 44.737685900345056 44.398985911462816 47.89872229485914 41.361663920530376 42.56948049759775 52.47960788956671 41.45616708105652 50.34056529855136 44.363271178887224 
The quality loss is:0.0%
100 100 100 100 100 100 100 100 100 100 100 100 100 100 100 100 100 100 100 100 100 100 100 100 100 100 100 100 100 100 
The quality loss is:0.0%
50.69094101260429 51.89742181345728 48.72046010545242 50.87725644354595 43.89003567417995 49.97547298089902 46.17959401831379 49.80501653949888 51.00624318217854 52.75685463421053 52.8914843377169 45.47208008904288 45.45329626311866 45.38555390142764 45.89620878663347 47.29925782261607 47.653923515810334 46.278010325942596 51.71932390372329 44.77312401586654 38.99128479086754 43.28210582423446 44.05964763039293 50.34255284223942 40.928901353467346 45.03003686119723 46.433112229144754 41.45405046277396 50.59872216083083 45.133240936292374 
The quality loss is:0.0%
26.355662628852254 27.335841337696714 25.112171222388643 25.285770720647815 24.286260323374975 26.784293427669695 28.532043260065294 25.245285740815063 24.544053521155625 25.59171552476075 25.457301725423527 25.511418112754505 27.220575598666557 25.7784842690873 25.96917385887687 26.25008720880889 26.746239184156583 26.990587191371112 24.626185071905695 25.54393086492595 19.896229627765205 24.306226525287556 24.0170240992483 24.344205775777148 19.521658424326308 25.310311717614784 25.76962814042065 18.78952080663409 26.188741618773665 20.166637630751364 
The quality loss is:100.0%
26.376055014680798 27.33833372523843 25.058143107379706 25.284383135676958 24.324336105418777 26.789331094278346 28.698535848410167 25.29565761942685 24.54096495738827 25.566454104255993 25.393616481817144 25.472375584747404 27.181580074129773 25.74074168527889 25.87722172476007 26.20728383829669 26.847505950442088 26.86835306872627 24.62499334229413 25.56202915925558 19.940563041118814 24.409997631821106 24.005062424240403 24.304084130129738 19.451747893663224 25.610376422105226 25.751490541844156 18.79968554920858 26.183099683215932 20.19155637585984 
The quality loss is:100.0%
20.127241368430834 20.919165393881745 19.54535473532364 18.849929355513396 19.136497178631537 20.94925331304825 23.723087239703425 19.02421902445824 18.135932787038243 19.3691291665607 19.440214159568608 19.5640884911534 22.481120398042567 20.33267079834718 20.52829804627543 20.841611845439964 21.585722294501313 21.569778869153616 18.17934566415517 19.854479318153007 14.9557015843199 19.190239109802846 18.362877933151605 18.179752116320415 14.503863399619023 20.44711056424405 20.128526944551783 13.4807572181095 19.922466930877928 14.50765159789987 
The quality loss is:100.0%
20.072522018493704 20.876192380828073 19.33946559540544 18.80779669087149 18.758380022461125 20.865515204151073 23.17795380579653 18.911882446423984 18.070092981451648 19.182996969876925 19.154555243462205 19.40331677955171 21.902605390620963 20.022101693426354 20.188914872424448 20.58683150574072 21.415402482202595 21.254389488949816 18.10737409584833 19.639637784596864 14.9692990450862 18.92957164459847 18.023459369572336 18.06339555102395 14.504242265288998 19.86830762008397 19.78370259263402 13.458041672750493 19.771892866442236 14.474462566494887 
The quality loss is:100.0%
26.19941157682402 27.210710231368537 24.244407192399862 25.117958979633983 22.605823477384476 26.439001678677453 26.699565342580797 24.814665680369398 24.3246003976545 24.929556036488556 24.37395601786202 24.700939501988213 25.186246884859624 24.651801281248822 24.353891960924813 25.177775442991827 25.558856332459456 25.2066006904675 24.476155873080977 24.564062712733936 19.282759904341177 23.03943049940532 22.642693492262996 23.803533713721798 18.84137108820482 22.84403642974512 24.30063684413897 18.144517863203543 25.515935877892794 19.66121542502404 
The quality loss is:100.0%
26.19372572106345 27.211053089253916 24.261430127624593 25.114767245356205 22.58136509947669 26.46611131032381 26.761125333313153 24.811729542400272 24.330110135471532 24.871845478586682 24.422265360792398 24.655564496286747 25.40351011459846 24.61110574071029 24.342390098693212 25.1262842720371 25.5879828126441 25.288285913094303 24.474189163755405 24.542479058584334 19.271120464135674 22.95332321098012 22.61820059336646 23.835219672715503 18.888500301206022 22.847468903310126 24.26345796694203 18.175999379451437 25.504973654578123 19.675334139074764 
The quality loss is:100.0%
40.61780610739258 45.29141269916143 31.171376990533698 38.52941049607679 26.257447246353625 37.078093889405174 29.719464230759968 34.15599764171 39.37393903399168 33.610803345925994 31.499692436706255 32.99216451163755 28.004323794252556 30.455383044357454 28.065002338826268 30.91240430892671 29.659300949746218 30.06794920137586 41.90702288429275 30.845838299010914 22.354067562912356 26.029446216457252 27.679739987843043 32.231232330573754 22.18437318703749 25.56680789552724 28.814473888407445 22.42958821101833 35.16709438574464 24.698254808622334 
The quality loss is:43.333333333333336%
40.71858065731125 45.37195625971576 30.982941780911958 38.65994827845745 26.316088683599922 37.01136398805816 29.48345949888931 34.420516234602665 39.33168077125797 33.07782005050826 31.20662755713516 32.216454406612 28.144764103596653 30.605942085676602 27.90725702799105 30.951420785382503 29.390686278461438 30.12272262231102 42.02518565441777 30.976495972881274 22.560437672977102 26.149630090321377 27.451620621460577 32.50905132371406 22.349688649114583 25.698908349887382 28.95290670872808 22.411598778513728 35.10930426243658 24.603345674893298 
The quality loss is:43.333333333333336%
32.90362874371602 34.33367753914099 30.9058857699686 32.35413373003463 29.72404158569062 32.88608981004653 33.642019938792906 31.8353312100146 31.720319640624965 32.5413880241531 32.062986778578846 31.358365448055117 32.012578833705405 31.658872953791025 31.539298698034727 32.14229815665902 31.78333190340674 32.38635048144657 31.78272542052115 31.47880019395665 22.860764448347815 29.32394878373573 29.644482648688772 30.66509932279874 22.660292398464303 30.047772744878692 31.89329247277209 22.618853814183552 32.812523037014294 24.48691126370597 
The quality loss is:23.333333333333332%
32.970484484300485 34.3368515982567 30.703075933965355 32.323596737012664 29.286788432945265 32.89465269954465 33.54982589398831 31.934055308283078 31.72766754578776 32.50640266043543 31.786546508515162 31.327616053422503 32.034518977881866 31.612174118060167 31.34978846113878 31.93164054085926 32.02307011057533 32.27510932530173 31.79545683223917 31.496603381257987 22.955240372921757 29.414299681740435 29.544698744984586 30.67683354966807 22.5001257219786 30.5852636030385 31.63458425532598 22.61786118870509 32.83145666064425 24.549038075522308 
The quality loss is:23.333333333333332%
26.99910318590755 27.998238020720954 25.62598878145522 25.938548240928064 24.64429271409374 27.369458191666904 29.236721891668328 25.929744331703706 25.21495704923624 26.199848531060628 26.23020751279805 26.047813735804365 27.94708619401074 26.389037171106796 26.651205775902667 26.657949513048127 27.31067755176792 27.474310616116085 25.29680071731658 25.935645052166 19.633537873208503 24.836433793393375 24.639438238510838 24.954253757311932 19.247533666573567 25.521542438361372 26.508299556743328 18.73043670791037 26.82603054822437 20.317325798867998 
The quality loss is:100.0%
26.92816582599624 27.939637399237473 25.257962252663717 25.877400094022626 24.1193889425934 27.256852659358476 28.177384306228056 25.766358386144603 25.133221040248067 25.841308902262007 25.659936319345324 25.742924315523418 27.15245159471948 25.942923305042356 25.913728494956423 26.207743338872437 26.822761730548386 26.662205990984447 25.226848805660108 25.571425746149625 19.74144457498423 24.230663327541695 24.005826699995396 24.632538398115496 19.26367768102283 24.573317405751787 25.77647827100538 18.77169633259651 26.40987934626971 20.34264479501847 
The quality loss is:100.0%
32.76938938182921 34.184845239584966 29.498966318300486 31.995478814245153 26.970522288082858 32.38691724565384 30.70570553283317 31.23984625606971 31.386940926650063 31.28076699844541 30.17663265691595 30.212972841950997 29.070982220604463 30.02398101612881 29.004750635519365 30.38488584020566 30.05671440749671 30.184892661201637 31.607048987114553 29.6745980162863 21.831500116289927 26.98393900362488 27.734961236499352 29.490475288425735 21.410549130000398 26.93043116575952 29.54735096576449 21.510230958963273 31.94964037684918 23.5376992742667 
The quality loss is:46.666666666666664%
32.74648931634039 34.18942823013678 29.55135995653515 32.03517759053854 27.07843299780777 32.43051856628465 30.78295069932701 31.27598727524515 31.393262841210053 31.2474201273851 30.366865200951857 30.04013922993938 29.541188539937153 29.89626280972594 29.046987644541428 30.075649562400724 30.190849444109592 30.30830217449699 31.630328075585773 29.67667821686023 21.825907394083266 26.675278188368317 27.71552757179361 29.41824697952995 21.512408962469255 26.926449602585407 29.24069313275497 21.53266838668864 31.93398236677723 23.587758053886716 
The quality loss is:50.0%
43.372167005414795 49.47001771103012 34.4857860609237 41.80115876084236 29.788452098723525 40.69382573915586 32.49853720167601 37.27964815585595 43.217407925848654 37.83543159074631 35.69066395859738 36.978288775726796 31.00539550940129 34.27813745739287 31.1796179658716 34.58865857301427 32.88847576210526 34.34635072714088 47.12914375115413 33.55503136297659 22.514917537590165 28.535874431902897 31.45336636012133 35.61407001982546 22.46242475072803 28.398428024407902 32.474476703514505 22.96977409277051 41.84312593166343 25.2101443608432 
The quality loss is:23.333333333333332%
43.37445375659441 49.46392318049266 33.86205615136301 41.951572071959916 29.67039736312531 40.746735327484146 32.78970778897013 37.80252102410044 43.2085504850194 36.67075778913397 34.92298608791346 35.264990740656806 30.33630787728226 34.471609154183014 30.897831375741895 34.509296528361965 32.50187487184675 36.39765239312656 46.67797058007402 33.7607304893245 22.736632761311597 28.79788510587847 31.002667178747572 36.03722132901956 22.658160475522156 28.935977969780375 32.51954693895773 22.9069189535388 42.35729556578285 25.031020602304576 
The quality loss is:23.333333333333332%
49.729486433137865 51.83594662373199 51.40959235734131 50.59974288818849 43.89269452406815 49.350569422111626 46.83844278154226 51.94299004284737 51.7526436075176 49.783493075391064 47.25009930113195 46.7396466324401 45.448859115788366 45.38770376772521 43.1960026490529 48.261487212658835 45.19740829162906 46.287911181792076 51.72631088696874 46.17150093966687 24.848732640007164 43.283692678731846 43.7432884577387 49.31031210174466 24.56160422295259 40.997167029447155 46.435489600759006 25.050871045355336 49.802504134997164 28.21108644663486 
The quality loss is:13.333333333333334%
49.72939465258587 51.836070769107785 48.635287563915895 50.606033548488526 42.40340382999974 50.29030166721469 46.83997819699635 48.39158428782278 51.74591002353011 49.79758449400489 44.87779847850804 48.53752474800476 45.45239849674461 44.78550365948703 45.90147808294696 46.51518754446796 45.69437661553213 52.05782789722919 51.72605449896034 46.17045660762134 24.807401349966376 43.28436260431176 44.75123212700473 47.85553241122762 24.277579427883484 42.564793210347474 48.47527285763685 24.996825994123686 50.54733060578437 28.326820612606674 
The quality loss is:13.333333333333334%
46.626897254214974 48.79770947327848 43.862017850798495 46.28902829781388 39.29613881586252 46.8776090252542 43.75630482270733 45.34925791351313 46.72117831388466 44.80788545254539 48.219211591027545 44.70257514542041 44.96561300410399 45.27016664267342 43.977561890250705 44.56687960697253 42.00117584869606 42.025967223132945 46.77272210245776 40.33883746299054 23.276967075446503 38.59897948741052 41.2671717440314 45.55345623501408 22.71126582009967 38.73294879065903 43.31896275969558 23.261589348650006 46.99156772293669 26.276288424435915 
The quality loss is:13.333333333333334%
46.91826284738691 48.732222010945385 41.51221370922342 45.91009906230979 37.746936999293574 46.097612125564744 39.83048625193031 45.304342686598886 46.43460666436479 44.76906031732523 45.290134128679085 42.54316575330009 42.704350116252144 43.66565169035987 39.57436758385691 42.05678603430755 41.35847491951441 41.941529443041574 46.73706396912404 39.39797611278106 23.206170289213652 38.68177341609341 39.377731890493386 42.88054672531526 22.669914476569705 35.954158801332255 44.083609628330656 23.388556810759667 47.019278214453514 26.287197555681026 
The quality loss is:13.333333333333334%
49.14319425952357 51.73947834805334 42.44020076208204 48.884861316485704 38.75281304892849 49.17756524880558 42.83661197231653 46.40976739426179 50.88501347693403 47.96590338415108 43.33655739624297 43.65251339229205 43.01757466211404 44.71618740346996 41.99458438008829 43.884217403686876 43.96485354915988 42.33249393561492 51.639931219411125 39.51268933891467 23.32266715942678 38.527866243573314 40.36003855461246 44.78999054597283 22.681784746693708 38.160050687434584 43.1195255960005 23.487479255598053 49.645509057895865 26.293787202177725 
The quality loss is:13.333333333333334%
48.923060707839014 51.74261488154115 43.25210620345102 49.844939671611044 39.32537334502052 48.551813591908946 41.817117073683505 47.25858276136195 51.617019406428675 46.73753799497162 43.33464178176044 42.98940165213952 41.46749616565942 43.30918529422892 42.260693753935186 44.74767839947296 42.49871675612272 43.860048016941576 51.64047964604669 40.18393349907641 23.31088226556542 38.782438565801975 42.1932199540667 43.71231566446823 22.850392376761857 36.97461387362095 43.121649199855405 23.4364975019105 50.36044666576747 26.45781807968465 
The quality loss is:13.333333333333334%
49.36935728155861 51.90280980270356 43.4071552501199 48.74943355339625 38.28816404323665 48.365210015158944 40.320919853203385 45.753285298101396 50.36753653192988 46.808240162705474 47.26657054337153 44.513552407694576 45.45723865611693 43.79560055511462 40.535763981946886 44.3238400209286 42.77698458982754 41.24929604665554 51.72652067023438 39.94353938315798 23.171014063784334 37.645246418949576 40.13080639832647 46.34543268247515 22.78370839474413 37.01160350785071 44.00657908778388 23.363327088054984 49.62558759722293 26.397256260930412 
The quality loss is:13.333333333333334%
49.14230222542838 51.894926483007694 42.574119649020474 49.281835601418976 39.077518457241396 48.83778459157141 42.58479733670829 48.38697595287795 50.360868461499486 46.795464551507024 44.894703981359044 44.505195396333164 45.454094433502775 43.783866367462 40.18107810461994 44.3217540113536 41.82350313363929 43.900666482174906 51.71506735714815 39.809893199417274 23.49390558813969 37.71327300512303 40.53306387929007 45.92611710805865 23.043040248003756 37.56944909753181 46.41895007349603 23.3679616439361 49.61610641828636 26.278832460408616 
The quality loss is:13.333333333333334%
